0
84
86
86
82
84
85
84
85
84
77
80
79
79
78
78
80
81
78
82
81
77
78
79
80
77
74
75
75
75
76
79
74
71
62
62
63
61
59
62
60
61
63
66
68
61
62
52
56
53
55
57
58
56
52
48
54
48
40
33
28
34
41
39
44
50
50
49
46
32
53
31
29
29
37
57
59
59
65
68
65
66
40
63
58
35
51
46
62
45
23
44
73
73
73
50
72
68
84
63
58
58
62
55
5
69
63
19
56
66
66
66
66
67
50
68
74
75
74
71
71
72
82
81
77
80
85
84
81
79
84
77
83
80
84
81
83
65
69
41
42
46
60
51
57
66
66
67
74
85
79
79
73
72
66
83
58
64
66
63
62
64
60
57
63
56
56
56
56
57
58
60
61
62
62
60
57
56
54
53
52
55
51
55
53
54
55
55
54
53
52
52
51
59
57
56
57
58
62
58
64
62
60
64
64
70
71
69
71
69
69
78
81
78
70
77
82
82
81
81
80
86
87
87
87
87
88
83
89
82
82
85
86
80
78
80
77
77
80
82
76
74
74
74
73
73
72
73
65
72
66
70
69
69
69
69
69
69
68
68
67
67
67
67
66
66
66
66
65
65
65
67
0
0
0
