66
66
67
67
67
68
68
69
69
69
70
70
70
71
71
71
71
71
72
72
72
72
71
71
71
71
70
69
69
68
67
67
65
64
62
61
59
59
56
53
50
48
44
40
31
30
29
29
28
24
23
21
19
18
20
22
23
26
33
37
45
50
54
56
63
65
66
66
67
67
67
68
68
69
69
69
69
69
69
69
68
68
56
53
52
51
50
49
48
47
46
45
44
39
39
38
37
36
35
34
34
32
30
29
28
25
25
23
21
21
21
21
22
23
23
24
25
26
29
30
31
42
43
45
45
46
47
47
48
49
49
49
50
50
50
51
51
51
51
51
51
51
51
51
51
50
50
48
47
46
45
45
44
44
43
42
41
39
38
37
36
36
35
34
33
33
32
32
31
30
29
29
27
27
27
27
27
27
27
27
28
28
28
29
29
29
30
30
30
30
31
31
31
31
32
32
32
32
32
31
31
31
31
30
30
29
29
29
28
27
27
26
25
25
25
24
23
23
22
21
21
20
20
19
18
17
17
16
15
14
13
13
11
11
10
9
8
8
7
7
7
7
7
6
6
5
3
3
2
2
1
1
1
1
1
1
1
1
1
1
1
1
1
0
